1 1
319 91 41 13
2 1
318 93 44 13
3 1
317 96 44 11
4 1
317 96 41 11
5 1
316 97 43 10
6 1
315 97 42 11
7 1
316 98 40 11
8 1
314 101 45 9
9 1
316 100 40 10
10 1
312 101 46 11
11 1
313 102 44 12
12 1
311 103 45 13
13 1
312 104 40 12
14 1
310 106 43 10
15 1
311 104 42 13
16 1
309 102 45 10
17 1
308 101 43 12
18 1
307 101 47 7
19 1
308 98 44 11
20 1
307 96 42 10
21 1
306 93 43 13
22 1
304 90 45 15
23 1
304 90 43 14
24 1
307 89 39 8
25 1
305 88 39 10
26 1
303 86 42 10
27 1
304 87 41 8
28 1
303 86 41 9
29 1
303 84 41 12
30 1
301 81 42 12
31 1
303 80 37 12
32 1
301 80 41 12
33 1
301 78 39 12
34 1
299 78 41 14
35 1
299 80 43 10
36 1
297 79 44 12
37 1
299 78 40 13
38 1
297 78 40 13
39 1
297 77 41 13
40 1
296 78 44 15
41 1
297 77 39 12
42 1
298 76 39 11
43 1
296 76 41 11
44 1
296 76 40 12
45 1
295 74 41 13
46 1
296 74 41 13
47 1
295 75 42 10
48 1
294 75 42 12
49 1
295 77 41 13
50 1
294 77 41 13
51 1
295 78 37 12
52 1
295 79 37 13
53 1
294 83 39 11
54 1
294 84 37 11
55 1
295 85 37 9
56 1
296 84 36 14
57 1
293 86 40 10
58 1
292 83 40 14
59 1
290 83 41 13
60 1
292 81 39 12
61 1
291 81 37 11
62 1
291 81 38 11
63 1
289 80 40 13
64 1
291 83 34 10
65 1
288 85 41 12
66 1
288 85 39 14
67 1
286 87 42 12
68 1
287 88 41 5
69 1
284 84 44 11
70 0
71 0
72 0
